Timeouts filtered out:
    averageExecutionTimeStr:   (1,141.56909090909087)(2,939.4729166666666)(3,1392.1754166666663)(4,3260.076153846154)(6,1003.142)(12,711.03)
    averageMemStr:             (1,79.81818181818181)(2,137.29166666666666)(3,188)(4,285.6923076923077)(6,128.8)(12,116)
    averageTotalPathsStr:      (1,1)(2,40469)(3,65902)(4,207071)(6,44473)(12,26244)
    averageMaxPathsStr:        (1,1)(2,40469.166666666664)(3,65902.58333333333)(4,207071.07692307694)(6,44473.6)(12,26244)
    averageAvgPathsStr:        (1,1)(2,4044.093667893659)(3,8957.155971572445)(4,30871.079214511465)(6,6024.3806535947715)(12,5142.583333333334)

Timeouts included:
    averageExecutionTimeStr:   (1,141.56909090909087)(2,939.4729166666666)(3,28653.361153846156)(4,53487.1315909091)(5,89613.94833333332)(6,66505.90432432434)(10,41570.616666666676)(12,41059.53193548387)(15,58207.10387096773)(20,41391.37178571429)(30,74510.34576923077)(60,84224.60720000001)
    averageMemStr:             (1,79.81818181818181)(2,137.29166666666666)(3,638.4038461538462)(4,806.0454545454545)(5,1024.2222222222222)(6,903.1351351351351)(10,1024.090909090909)(12,965.5806451612904)(15,1024.1935483870968)(20,1024.25)(30,1024.1923076923076)(60,1024.12)


Success rates:
    success rate:             (1,100)(2,100)(3,46.15384615384615)(4,29.545454545454547)(5,0)(6,13.513513513513514)(10,0)(12,6.451612903225806)(15,0)(20,0)(30,0)(60,0)
