Timeouts filtered out:
    averageExecutionTimeStr:   (1,149.8888)(2,133.12205128205136)(3,132.29103448275865)(4,142.0622222222222)(5,147.77323529411763)(6,205.13838709677415)(10,2476.8444444444444)(12,34123.49)(15,12114.083437500001)(20,111488.23863636363)(30,222896.88933333333)(60,22220.413846153842)
    averageMemStr:             (1,77.22)(2,76.64102564102564)(3,76)(4,78.11111111111111)(5,77.11764705882354)(6,68.74193548387096)(10,96.14814814814815)(12,118.92307692307692)(15,132.03125)(20,174.13636363636363)(30,198.66666666666666)(60,117.23076923076923)
    averageTotalPathsStr:      (1,1)(2,187840)(3,949438456)(4,388810158762)(5,61779357269724)(6,3448459696934448088)(10,38928073323075483728609280)(12,33198237244263500761615157996)(15,139834585978516575305625600)(20,937209917493597907940106240000)(30,886413208693726579144274214912)(60,194567884806156569581494222595938)
    averageMaxPathsStr:        (1,1)(2,2.5128205128205128)(3,8.551724137931034)(4,21.416666666666668)(5,40.911764705882355)(6,105.96774193548387)(10,1433.1851851851852)(12,4840.076923076923)(15,2904.40625)(20,7597)(30,11974.666666666666)(60,2944)
    averageAvgPathsStr:        (1,1)(2,1.5492382411563999)(3,3.7822320157834723)(4,7.143606341803026)(5,10.424018200581669)(6,21.11444866307921)(10,144.64320987654327)(12,439.39610125402316)(15,335.1590171236769)(20,807.3794871794872)(30,1078.7520833333333)(60,365.97948717948697)

Timeouts included:
    averageExecutionTimeStr:   (1,149.8888)(2,133.12205128205136)(3,132.29103448275865)(4,142.0622222222222)(5,147.77323529411763)(6,205.13838709677415)(10,2476.8444444444444)(12,34123.49)(15,12114.083437500001)(20,257526.28185185182)(30,493772.50440000003)(60,403904.24521739135)
    averageMemStr:             (1,77.22)(2,76.64102564102564)(3,76)(4,78.11111111111111)(5,77.11764705882354)(6,68.74193548387096)(10,96.14814814814815)(12,118.92307692307692)(15,132.03125)(20,201.2962962962963)(30,282.96)(60,223.2608695652174)


Success rates:
    success rate:             (1,100)(2,100)(3,100)(4,100)(5,100)(6,100)(10,100)(12,100)(15,100)(20,81.48148148148148)(30,60)(60,56.52173913043478)
