Timeouts filtered out:
    averageExecutionTimeStr:   (1,246.88600000000002)(2,1006.2959999999999)(3,1775.4975)(4,254.935)(5,370.8)(6,211.88)(10,2975.325)
    averageMemStr:             (1,75.7)(2,118.1)(3,168.75)(4,83.5)(5,83.5)(6,81)(10,185.5)
    averageTotalPathsStr:      (1,1)(2,33520)(3,58432)(4,960)(5,4352)(6,208)(10,92160)
    averageMaxPathsStr:        (1,1)(2,33520)(3,58432)(4,960)(5,4352)(6,208)(10,92160)
    averageAvgPathsStr:        (1,1)(2,6160.735027322405)(3,12903.511338797816)(4,98.19672131147541)(5,569.3524590163935)(6,77.09836065573771)(10,28899.63114754099)

Timeouts included:
    averageExecutionTimeStr:   (1,246.88600000000002)(2,1006.2959999999999)(3,15155.515000000003)(4,75878.10666666666)(5,42092.73545454546)(6,122374.20777777779)(10,26457.358999999997)(12,38554.436)(15,36362.897000000004)(20,45960.85)(30,51689.496999999996)(60,38704.763)
    averageMemStr:             (1,75.7)(2,118.1)(3,682)(4,815.1111111111111)(5,853.4545454545455)(6,814.5555555555555)(10,856.3)(12,1024.5)(15,1024.1)(20,1024.3)(30,1024.3)(60,1024.3)


Success rates:
    success rate:             (1,100)(2,100)(3,40)(4,22.22222222222222)(5,18.181818181818183)(6,22.22222222222222)(10,20)(12,0)(15,0)(20,0)(30,0)(60,0)
