Timeouts filtered out:
    averageExecutionTimeStr:   (1,195.06724137931033)(2,196.5134615384615)(4,219.75250000000003)(5,225.20916666666665)(8,295.6195652173912)(10,678.385238095238)(20,23231.33590909091)(40,568.7719999999998)
    averageMemStr:             (1,90.20689655172414)(2,90.3076923076923)(4,90.33333333333333)(5,90.70833333333333)(8,92.04347826086956)(10,97.04761904761905)(20,130.5909090909091)(40,88.75)
    averageTotalPathsStr:      (1,1)(2,4584)(4,12206229)(5,122702592)(8,5252731356271)(10,32135715674989)(20,6290208328290676)(40,205764802410720)
    averageMaxPathsStr:        (1,1)(2,2.1538461538461537)(4,9.625)(5,14.5)(8,75.21739130434783)(10,372.95238095238096)(20,3099)(40,302.4)
    averageAvgPathsStr:        (1,1)(2,1.3361912393162396)(4,3.1531249999999997)(5,4.384375)(8,12.81086956521739)(10,61.74523809523811)(20,417.0329545454546)(40,40.75375)

Timeouts included:
    averageExecutionTimeStr:   (1,195.06724137931033)(2,196.5134615384615)(4,219.75250000000003)(5,225.20916666666665)(8,295.6195652173912)(10,678.385238095238)(20,96303.51666666665)(40,568.7719999999998)
    averageMemStr:             (1,90.20689655172414)(2,90.3076923076923)(4,90.33333333333333)(5,90.70833333333333)(8,92.04347826086956)(10,97.04761904761905)(20,143.625)(40,88.75)
