Timeouts filtered out:
    averageExecutionTimeStr:   (1,157.95600000000002)(2,134.00600000000003)(3,108.93799999999999)(4,141.16555555555556)(5,112.60499999999999)(6,116.546)(10,236.64700000000002)(12,233.7111111111111)(15,55608.436)(20,39370.81428571428)(30,70680.28857142858)(60,29038.232)
    averageMemStr:             (1,92.7)(2,97.8)(3,102.8)(4,107.44444444444444)(5,108)(6,108)(10,113.7)(12,129.22222222222223)(15,161.5)(20,131.42857142857142)(30,129.71428571428572)(60,161.8)
    averageTotalPathsStr:      (1,1)(2,60493)(3,73793945)(4,835705514)(5,1699499556864)(6,136677478278758)(10,31126013100844646)(12,254615611024343040)(15,820612925060742691493511168)(20,7617889801859814225248593042)(30,1214006266934538409729158582)(60,45510946107133953743873974783180)
    averageMaxPathsStr:        (1,1)(2,2.8)(3,10.4)(4,18.22222222222222)(5,39.5)(6,55.6)(10,319.7)(12,374.6666666666667)(15,4903.7)(20,5819.428571428572)(30,5675.714285714285)(60,3509.6)
    averageAvgPathsStr:        (1,1)(2,1.6540983606557382)(3,4.749180327868853)(4,5.557377049180328)(5,9.359016393442621)(6,10.475409836065575)(10,38.14918032786885)(12,28.040072859744985)(15,405.31311475409836)(20,595.9320843091335)(30,564.8571428571429)(60,482.38524590163945)

Timeouts included:
    averageExecutionTimeStr:   (1,157.95600000000002)(2,134.00600000000003)(3,108.93799999999999)(4,141.16555555555556)(5,112.60499999999999)(6,116.546)(10,236.64700000000002)(12,233.7111111111111)(15,55608.436)(20,297587.21400000004)(30,254985.89777777778)(60,29038.232)
    averageMemStr:             (1,92.7)(2,97.8)(3,102.8)(4,107.44444444444444)(5,108)(6,108)(10,113.7)(12,129.22222222222223)(15,161.5)(20,185.7)(30,185.55555555555554)(60,161.8)


Success rates:
    success rate:             (1,100)(2,100)(3,100)(4,100)(5,100)(6,100)(10,100)(12,100)(15,100)(20,70)(30,77.77777777777779)(60,100)
