Timeouts filtered out:
    averageExecutionTimeStr:   (1,166.927)(2,128.669)(3,116.29444444444445)(4,123.81800000000003)(5,99.21400000000001)(6,117.97299999999998)(10,820.3788888888889)(12,875.2639999999999)(15,4193.312222222222)(20,182002.37444444446)(30,4337.939)(60,8810.7675)
    averageMemStr:             (1,92.7)(2,97.2)(3,102.55555555555556)(4,106.6)(5,109)(6,109)(10,133.77777777777777)(12,129.5)(15,107.55555555555556)(20,176.44444444444446)(30,296)(60,245.5)
    averageTotalPathsStr:      (1,1)(2,3332)(3,14647672)(4,2116523212)(5,10230045081)(6,4636987255023206)(10,4631718826887812977655808)(12,21288105776756774338560)(15,146318811872671628786663424)(20,2824858958299053250408611840)(30,1014482107992284940454073362022)(60,158698624995292663612912435200)
    averageMaxPathsStr:        (1,1)(2,2.6)(3,8.777777777777779)(4,13.4)(5,36.9)(6,37.8)(10,836)(12,696.7)(15,1423.6666666666667)(20,11835.444444444445)(30,1363.4)(60,2875)
    averageAvgPathsStr:        (1,1)(2,1.5098360655737706)(3,3.903460837887067)(4,4.626229508196721)(5,8.967213114754099)(6,10.127868852459017)(10,109.33879781420768)(12,87.32131147540986)(15,197.2021857923498)(20,949.8269581056463)(30,222.38360655737705)(60,274.75204918032784)

Timeouts included:
    averageExecutionTimeStr:   (1,166.927)(2,128.669)(3,116.29444444444445)(4,123.81800000000003)(5,99.21400000000001)(6,117.97299999999998)(10,820.3788888888889)(12,875.2639999999999)(15,93784.06599999999)(20,182002.37444444446)(30,4337.939)(60,107842.95999999999)
    averageMemStr:             (1,92.7)(2,97.2)(3,102.55555555555556)(4,106.6)(5,109)(6,109)(10,133.77777777777777)(12,129.5)(15,130)(20,176.44444444444446)(30,296)(60,276.22222222222223)


Success rates:
    success rate:             (1,100)(2,100)(3,100)(4,100)(5,100)(6,100)(10,100)(12,100)(15,90)(20,100)(30,100)(60,88.88888888888889)
