Timeouts filtered out:
    averageExecutionTimeStr:   (1,172.70888888888888)(2,179.197)(3,137.363)(4,140.729)(5,142.1988888888889)(6,144.82300000000004)(10,505.39400000000006)(12,891.7222222222222)(15,1711.396)(20,30826.37555555555)(30,144885.96375000002)(60,17934.078)
    averageMemStr:             (1,138.11111111111111)(2,151.9)(3,152.2)(4,152.2)(5,155.11111111111111)(6,152.9)(10,158.2)(12,167.11111111111111)(15,160.8)(20,178.22222222222223)(30,205.125)(60,155.2)
    averageTotalPathsStr:      (1,1)(2,3632)(3,8093491)(4,11713985)(5,19112679424)(6,406694881404736)(10,902873047385504533708)(12,2554178749285604524032)(15,1171170148864550169)(20,881755097873738568302592)(30,27390942665678309900156928)(60,574786509111661615191762665472)
    averageMaxPathsStr:        (1,1)(2,2.6)(3,7.2)(4,11.1)(5,29.77777777777778)(6,36.8)(10,624.4)(12,689.7777777777778)(15,1031.4)(20,5268.888888888889)(30,9576.25)(60,2674.6)
    averageAvgPathsStr:        (1,1)(2,1.4528688524590163)(3,2.922950819672131)(4,3.40655737704918)(5,7.695810564663025)(6,9.098360655737709)(10,63.79344262295083)(12,73.27686703096538)(15,89.85409836065571)(20,477.4061930783243)(30,657.56762295082)(60,342.483606557377)

Timeouts included:
    averageExecutionTimeStr:   (1,172.70888888888888)(2,179.197)(3,137.363)(4,140.729)(5,142.1988888888889)(6,144.82300000000004)(10,505.39400000000006)(12,891.7222222222222)(15,1711.396)(20,117752.59499999997)(30,295927.793)(60,17934.078)
    averageMemStr:             (1,138.11111111111111)(2,151.9)(3,152.2)(4,152.2)(5,155.11111111111111)(6,152.9)(10,158.2)(12,167.11111111111111)(15,160.8)(20,199.1)(30,229.3)(60,155.2)


Success rates:
    success rate:             (1,100)(2,100)(3,100)(4,100)(5,100)(6,100)(10,100)(12,100)(15,100)(20,90)(30,80)(60,100)
